1 18 19 TB Inc LLC 27 9 300 125 10469 7235 357 671 492 929
2 12 14 Rick Rollers 25 11 286 138 10366 6818 323 641 467 929
3 6 4 Bad Attitude 24 12 414 22 10713 9715 515 942 566 1064
4 19 21 AWACS ON/OFF 23 13 357 74 10597 8429 409 746 519 962
5 10 12 I am Root 23 13 298 127 10538 7170 357 669 493 936
6 11 10 Engineering Strikes 23 13 380 53 10526 9112 437 818 524 992
7 5 7 Craptastic 23 13 341 88 10399 8199 399 790 496 984
8 24 25 The Outsiders 22 14 397 38 10380 9532 483 882 517 950
9 25 23 Split Happens 20 16 329 99 10511 7973 446 777 559 1003
10 13 11 Guess Who 20 16 317 110 10475 7597 429 821 546 1055
11 22 20 SPAM 18 18 389 45 10473 9275 483 927 562 1085
12 2 27 The Century Club 18 18 300 125 10262 7204 363 675 495 939
13 3 1 One More 18 18 410 27 9645 9019 523 891 568 958
14 8 6 Spare Me 17 19 311 115 10409 7323 408 732 534 984
15 9 8 Lunch Hour Hookers 17 19 297 128 10352 7580 390 759 487 953
16 4 5 Barely Bowling 17 19 271 151 10311 6661 336 635 498 938
17 23 22 We Don't Give A Split 17 19 309 117 10277 6995 352 647 499 903
18 26 28 Who gives a split 17 19 259 162 10144 6164 314 578 478 914
19 27 26 Top Gun 16 20 299 126 10283 7863 385 747 503 973
20 14 15 XXX Dancers 16 20 309 117 10256 7340 374 689 481 935
21 17 16 The Munsons 16 20 306 120 10161 7205 353 675 468 913
22 21 24 Mark it Zero ! 15 21 328 100 10135 7881 443 825 530 999
23 15 13 Lane Violation 14 22 205 211 10345 6489 370 709 522 1004
24 20 17 Roll Clones 12½ 23½ 350 81 9880 8194 424 805 469 903
25 1 3 Backstabbers 12 24 348 82 10481 8349 454 832 540 1004
26 7 9 Bob_Rossing It 12 24 243 176 9987 6541 326 612 477 886
27 16 18 Sandbaggers 11½ 24½ 289 135 10133 8011 413 793 474 893
28 28 2 Alias Smith and Godfrey 10 26 274 148 10135 6657 387 731 465 875
